0.00000 0.00000 0.00000
0.01000 0.20505 3.20456
0.02000 0.41008 3.40812
0.03000 0.61509 3.61068
0.04000 0.82009 3.81224
0.05000 1.02506 4.01280
0.06000 1.23001 4.21236
0.07000 1.43495 4.41092
0.08000 1.63986 4.60848
0.09000 1.84475 4.80505
0.10000 2.04963 5.00061
0.11000 2.25448 5.19517
0.12000 2.45932 5.38874
0.13000 2.66413 5.58131
0.14000 2.86893 5.77288
0.15000 3.07371 5.96345
0.16000 3.27846 6.15302
0.17000 3.48320 6.34160
0.18000 3.68792 6.52917
0.19000 3.89262 6.71575
0.20000 4.09729 6.90134
0.21000 4.30195 7.08592
0.22000 4.50659 7.26951
0.23000 4.71121 7.45211
0.24000 4.91581 7.63370
0.25000 5.12039 7.81430
0.26000 5.32495 7.99391
0.27000 5.52950 8.17252
0.28000 5.73402 8.35013
0.29000 5.93852 8.52674
0.30000 6.14300 8.70237
0.31000 6.34747 8.87699
0.32000 6.55191 9.05062
0.33000 6.75633 9.22326
0.34000 6.96074 9.39490
0.35000 7.16512 9.56554
0.36000 7.36949 9.73519
0.37000 7.57384 9.90385
0.38000 7.77816 10.07151
0.39000 7.98247 10.23818
0.40000 8.18676 10.40386
0.41000 8.39103 10.56854
0.42000 8.59527 10.73223
0.43000 8.79950 10.89492
0.44000 9.00371 11.05662
0.45000 9.20790 11.21733
0.46000 9.41207 11.37704
0.47000 9.61622 11.53577
0.48000 9.82036 11.69350
0.49000 10.02447 11.85023
0.50000 10.22856 12.00598
0.51000 10.43264 12.16073
0.52000 10.63669 12.31449
0.53000 10.84072 12.46726
0.54000 11.04474 12.61903
0.55000 11.24873 12.76982
0.56000 11.45271 12.91961
0.57000 11.65667 13.06841
0.58000 11.86060 13.21622
0.59000 12.06452 13.36304
0.60000 12.26842 13.50887
0.61000 12.47230 13.65370
0.62000 12.67616 13.79755
0.63000 12.88000 13.94041
0.64000 13.08382 14.08227
0.65000 13.28762 14.22315
0.66000 13.49140 14.36303
0.67000 13.69516 14.50192
0.68000 13.89891 14.63983
0.69000 14.10263 14.77674
0.70000 14.30633 14.91267
0.71000 14.51002 15.04760
0.72000 14.71369 15.18155
0.73000 14.91733 15.31451
0.74000 15.12096 15.44648
0.75000 15.32457 15.57745
0.76000 15.52815 15.70744
0.77000 15.73172 15.83644
0.78000 15.93527 15.96446
0.79000 16.13880 16.09148
0.80000 16.34231 16.21751
0.81000 16.54580 16.34256
0.82000 16.74927 16.46662
0.83000 16.95273 16.58969
0.84000 17.15616 16.71177
0.85000 17.35957 16.83287
0.86000 17.56297 16.95297
0.87000 17.76634 17.07209
0.88000 17.96970 17.19022
0.89000 18.17303 17.30736
0.90000 18.37635 17.42352
0.91000 18.57965 17.53869
0.92000 18.78293 17.65287
0.93000 18.98619 17.76607
0.94000 19.18943 17.87827
0.95000 19.39265 17.98950
0.96000 19.59585 18.09973
0.97000 19.79903 18.20898
0.98000 20.00219 18.31724
0.99000 20.20534 18.42451
1.00000 20.40846 18.53080
1.01000 20.61157 18.63610
1.02000 20.81465 18.74042
1.03000 21.01772 18.84375
1.04000 21.22076 18.94610
1.05000 21.42379 19.04745
1.06000 21.62680 19.14783
1.07000 21.82979 19.24721
1.08000 22.03276 19.34561
1.09000 22.23571 19.44303
1.10000 22.43864 19.53946
1.11000 22.64155 19.63491
1.12000 22.84445 19.72937
1.13000 23.04732 19.82284
1.14000 23.25018 19.91533
1.15000 23.45301 20.00683
1.16000 23.65583 20.09735
1.17000 23.85862 20.18689
1.18000 24.06140 20.27544
1.19000 24.26416 20.36301
1.20000 24.46690 20.44959
1.21000 24.66962 20.53518
1.22000 24.87232 20.61980
1.23000 25.07500 20.70342
1.24000 25.27766 20.78607
1.25000 25.48031 20.86773
1.26000 25.68293 20.94840
1.27000 25.88553 21.02809
1.28000 26.08812 21.10680
1.29000 26.29069 21.18453
1.30000 26.49323 21.26127
1.31000 26.69576 21.33702
1.32000 26.89827 21.41180
1.33000 27.10076 21.48558
1.34000 27.30323 21.55839
1.35000 27.50568 21.63021
1.36000 27.70812 21.70105
1.37000 27.91053 21.77091
1.38000 28.11292 21.83978
1.39000 28.31530 21.90767
1.40000 28.51765 21.97457
1.41000 28.71999 22.04050
1.42000 28.92231 22.10544
1.43000 29.12461 22.16939
1.44000 29.32688 22.23237
1.45000 29.52914 22.29436
1.46000 29.73139 22.35537
1.47000 29.93361 22.41539
1.48000 30.13581 22.47444
1.49000 30.33799 22.53250
1.50000 30.54016 22.58957
1.51000 30.74230 22.64567
1.52000 30.94443 22.70078
1.53000 31.14654 22.75491
1.54000 31.34863 22.80806
1.55000 31.55069 22.86023
1.56000 31.75274 22.91141
1.57000 31.95477 22.96161
1.58000 32.15679 23.01083
1.59000 32.35878 23.05907
1.60000 32.56075 23.10632
1.61000 32.76271 23.15260
1.62000 32.96464 23.19789
1.63000 33.16656 23.24220
1.64000 33.36846 23.28552
1.65000 33.57034 23.32787
1.66000 33.77220 23.36923
1.67000 33.97404 23.40961
1.68000 34.17586 23.44901
1.69000 34.37766 23.48743
1.70000 34.57944 23.52487
1.71000 34.78121 23.56132
1.72000 34.98295 23.59680
1.73000 35.18468 23.63129
1.74000 35.38638 23.66480
1.75000 35.58807 23.69733
1.76000 35.78974 23.72888
1.77000 35.99139 23.75944
1.78000 36.19302 23.78903
1.79000 36.39464 23.81763
1.80000 36.59623 23.84525
1.81000 36.79780 23.87189
1.82000 36.99936 23.89755
1.83000 37.20089 23.92223
1.84000 37.40241 23.94593
1.85000 37.60391 23.96864
1.86000 37.80539 23.99038
1.87000 38.00685 24.01113
1.88000 38.20829 24.03090
1.89000 38.40971 24.04969
1.90000 38.61112 24.06750
1.91000 38.81250 24.08433
1.92000 39.01387 24.10017
1.93000 39.21521 24.11504
1.94000 39.41654 24.12893
1.95000 39.61785 24.14183
1.96000 39.81914 24.15375
1.97000 40.02041 24.16469
1.98000 40.22166 24.17465
1.99000 40.42289 24.18363
2.00000 40.62411 24.19163
2.01000 40.82530 24.19865
2.02000 41.02648 24.20469
2.03000 41.22764 24.20974
2.04000 41.42877 24.21382
2.05000 41.62989 24.21691
2.06000 41.83099 24.21902
2.07000 42.03208 24.22015
2.08000 42.23314 24.22030
2.09000 42.43418 24.21947
2.10000 42.63521 24.21766
2.11000 42.83621 24.21487
2.12000 43.03720 24.21109
2.13000 43.23817 24.20634
2.14000 43.43912 24.20060
2.15000 43.64005 24.19389
2.16000 43.84096 24.18619
2.17000 44.04185 24.17751
2.18000 44.24273 24.16785
2.19000 44.44358 24.15721
2.20000 44.64442 24.14559
2.21000 44.84524 24.13299
2.22000 45.04603 24.11940
2.23000 45.24681 24.10484
2.24000 45.44758 24.08930
2.25000 45.64832 24.07277
2.26000 45.84904 24.05526
2.27000 46.04975 24.03678
2.28000 46.25043 24.01731
2.29000 46.45110 23.99686
2.30000 46.65175 23.97543
2.31000 46.85237 23.95302
2.32000 47.05298 23.92963
2.33000 47.25358 23.90525
2.34000 47.45415 23.87990
2.35000 47.65470 23.85357
2.36000 47.85524 23.82625
2.37000 48.05575 23.79796
2.38000 48.25625 23.76868
2.39000 48.45673 23.73843
2.40000 48.65719 23.70719
2.41000 48.85763 23.67497
2.42000 49.05805 23.64177
2.43000 49.25846 23.60759
2.44000 49.45884 23.57244
2.45000 49.65921 23.53630
2.46000 49.85956 23.49918
2.47000 50.05988 23.46108
2.48000 50.26019 23.42200
2.49000 50.46049 23.38194
2.50000 50.66076 23.34090
2.51000 50.86101 23.29888
2.52000 51.06125 23.25587
2.53000 51.26146 23.21189
2.54000 51.46166 23.16693
2.55000 51.66184 23.12099
2.56000 51.86200 23.07407
2.57000 52.06214 23.02617
2.58000 52.26226 22.97729
2.59000 52.46237 22.92743
2.60000 52.66245 22.87659
2.61000 52.86252 22.82477
2.62000 53.06256 22.77197
2.63000 53.26259 22.71819
2.64000 53.46260 22.66343
2.65000 53.66260 22.60769
2.66000 53.86257 22.55097
2.67000 54.06252 22.49327
2.68000 54.26246 22.43459
2.69000 54.46237 22.37494
2.70000 54.66227 22.31430
2.71000 54.86215 22.25268
2.72000 55.06201 22.19009
2.73000 55.26186 22.12652
2.74000 55.46168 22.06196
2.75000 55.66148 21.99643
2.76000 55.86127 21.92992
2.77000 56.06104 21.86243
2.78000 56.26079 21.79396
2.79000 56.46052 21.72451
2.80000 56.66023 21.65409
2.81000 56.85992 21.58268
2.82000 57.05960 21.51030
2.83000 57.25925 21.43694
2.84000 57.45889 21.36260
2.85000 57.65851 21.28728
2.86000 57.85811 21.21098
2.87000 58.05769 21.13371
2.88000 58.25725 21.05545
2.89000 58.45679 20.97622
2.90000 58.65632 20.89601
2.91000 58.85583 20.81483
2.92000 59.05531 20.73266
2.93000 59.25478 20.64952
2.94000 59.45423 20.56540
2.95000 59.65367 20.48030
2.96000 59.85308 20.39422
2.97000 60.05248 20.30717
2.98000 60.25185 20.21914
2.99000 60.45121 20.13013
3.00000 60.65055 20.04014
3.01000 60.84987 19.94918
3.02000 61.04917 19.85724
3.03000 61.24846 19.76432
3.04000 61.44772 19.67043
3.05000 61.64697 19.57556
3.06000 61.84620 19.47971
3.07000 62.04541 19.38289
3.08000 62.24460 19.28509
3.09000 62.44377 19.18631
3.10000 62.64292 19.08656
3.11000 62.84206 18.98583
3.12000 63.04118 18.88412
3.13000 63.24027 18.78144
3.14000 63.43935 18.67778
3.15000 63.63842 18.57315
3.16000 63.83746 18.46754
3.17000 64.03648 18.36095
3.18000 64.23549 18.25339
3.19000 64.43448 18.14485
3.20000 64.63344 18.03534
3.21000 64.83239 17.92485
3.22000 65.03133 17.81339
3.23000 65.23024 17.70095
3.24000 65.42913 17.58754
3.25000 65.62801 17.47315
3.26000 65.82687 17.35779
3.27000 66.02571 17.24145
3.28000 66.22453 17.12414
3.29000 66.42333 17.00585
3.30000 66.62211 16.88659
3.31000 66.82088 16.76635
3.32000 67.01963 16.64514
3.33000 67.21836 16.52296
3.34000 67.41707 16.39980
3.35000 67.61576 16.27567
3.36000 67.81443 16.15057
3.37000 68.01309 16.02449
3.38000 68.21172 15.89743
3.39000 68.41034 15.76941
3.40000 68.60894 15.64041
3.41000 68.80752 15.51044
3.42000 69.00608 15.37949
3.43000 69.20463 15.24757
3.44000 69.40315 15.11468
3.45000 69.60166 14.98082
3.46000 69.80015 14.84598
3.47000 69.99862 14.71017
3.48000 70.19707 14.57339
3.49000 70.39550 14.43564
3.50000 70.59392 14.29691
3.51000 70.79232 14.15722
3.52000 70.99070 14.01655
3.53000 71.18906 13.87491
3.54000 71.38740 13.73229
3.55000 71.58572 13.58871
3.56000 71.78403 13.44416
3.57000 71.98231 13.29863
3.58000 72.18058 13.15213
3.59000 72.37883 13.00466
3.60000 72.57706 12.85623
3.61000 72.77527 12.70682
3.62000 72.97347 12.55644
3.63000 73.17165 12.40509
3.64000 73.36980 12.25276
3.65000 73.56794 12.09947
3.66000 73.76606 11.94521
3.67000 73.96417 11.78998
3.68000 74.16225 11.63378
3.69000 74.36032 11.47661
3.70000 74.55837 11.31847
3.71000 74.75640 11.15937
3.72000 74.95441 10.99929
3.73000 75.15240 10.83824
3.74000 75.35037 10.67623
3.75000 75.54833 10.51324
3.76000 75.74627 10.34929
3.77000 75.94419 10.18437
3.78000 76.14209 10.01848
3.79000 76.33997 9.85162
3.80000 76.53784 9.68380
3.81000 76.73568 9.51501
3.82000 76.93351 9.34525
3.83000 77.13132 9.17452
3.84000 77.32911 9.00282
3.85000 77.52689 8.83016
3.86000 77.72464 8.65653
3.87000 77.92238 8.48194
3.88000 78.12010 8.30637
3.89000 78.31780 8.12984
3.90000 78.51548 7.95235
3.91000 78.71314 7.77389
3.92000 78.91079 7.59446
3.93000 79.10842 7.41406
3.94000 79.30603 7.23271
3.95000 79.50362 7.05038
3.96000 79.70119 6.86709
3.97000 79.89874 6.68283
3.98000 80.09628 6.49761
3.99000 80.29380 6.31143
4.00000 80.49130 6.12428
4.01000 80.68878 5.93616
4.02000 80.88624 5.74708
4.03000 81.08369 5.55704
4.04000 81.28111 5.36603
4.05000 81.47852 5.17406
4.06000 81.67591 4.98113
4.07000 81.87328 4.78723
4.08000 82.07064 4.59237
4.09000 82.26797 4.39654
4.10000 82.46529 4.19976
4.11000 82.66259 4.00200
4.12000 82.85987 3.80329
4.13000 83.05713 3.60362
4.14000 83.25438 3.40298
4.15000 83.45160 3.20138
4.16000 83.64881 2.99882
4.17000 83.84600 2.79529
4.18000 84.04317 2.59081
4.19000 84.24033 2.38536
4.20000 84.43746 2.17895
4.21000 84.63458 1.97158
4.22000 84.83168 1.76325
4.23000 85.02876 1.55396
4.24000 85.22583 1.34371
4.25000 85.42287 1.13250
4.26000 85.61990 0.92033
4.27000 85.81691 0.70720
4.28000 86.01390 0.49311
4.29000 86.21087 0.27806
4.30000 86.40782 0.06205
4.31000 86.60476 -0.15492
