0.00000 0.00000 3.00000
0.01000 0.20505 3.20456
0.02000 0.41006 3.40810
0.03000 0.61505 3.61064
0.04000 0.82001 3.81216
0.05000 1.02494 4.01268
0.06000 1.22984 4.21219
0.07000 1.43471 4.41069
0.08000 1.63955 4.60818
0.09000 1.84436 4.80466
0.10000 2.04914 5.00013
0.11000 2.25389 5.19460
0.12000 2.45861 5.38806
0.13000 2.66330 5.58051
0.14000 2.86797 5.77196
0.15000 3.07260 5.96240
0.16000 3.27721 6.15183
0.17000 3.48178 6.34025
0.18000 3.68633 6.52767
0.19000 3.89085 6.71409
0.20000 4.09534 6.89950
0.21000 4.29979 7.08391
0.22000 4.50422 7.26731
0.23000 4.70862 7.44970
0.24000 4.91299 7.63109
0.25000 5.11733 7.81148
0.26000 5.32165 7.99086
0.27000 5.52593 8.16925
0.28000 5.73018 8.34662
0.29000 5.93441 8.52300
0.30000 6.13860 8.69837
0.31000 6.34277 8.87274
0.32000 6.54690 9.04611
0.33000 6.75101 9.21847
0.34000 6.95509 9.38983
0.35000 7.15914 9.56020
0.36000 7.36316 9.72956
0.37000 7.56715 9.89792
0.38000 7.77111 10.06528
0.39000 7.97504 10.23163
0.40000 8.17895 10.39699
0.41000 8.38282 10.56135
0.42000 8.58667 10.72471
0.43000 8.79048 10.88707
0.44000 8.99427 11.04843
0.45000 9.19803 11.20879
0.46000 9.40175 11.36815
0.47000 9.60545 11.52651
0.48000 9.80912 11.68388
0.49000 10.01276 11.84024
0.50000 10.21638 11.99561
0.51000 10.41996 12.14998
0.52000 10.62351 12.30335
0.53000 10.82704 12.45573
0.54000 11.03053 12.60711
0.55000 11.23400 12.75749
0.56000 11.43744 12.90687
0.57000 11.64085 13.05526
0.58000 11.84423 13.20265
0.59000 12.04758 13.34905
0.60000 12.25090 13.49445
0.61000 12.45419 13.63885
0.62000 12.65746 13.78226
0.63000 12.86069 13.92467
0.64000 13.06390 14.06609
0.65000 13.26708 14.20651
0.66000 13.47022 14.34594
0.67000 13.67334 14.48437
0.68000 13.87643 14.62181
0.69000 14.07950 14.75826
0.70000 14.28253 14.89371
0.71000 14.48553 15.02817
0.72000 14.68851 15.16163
0.73000 14.89145 15.29410
0.74000 15.09437 15.42558
0.75000 15.29726 15.55606
0.76000 15.50012 15.68555
0.77000 15.70295 15.81405
0.78000 15.90575 15.94156
0.79000 16.10852 16.06807
0.80000 16.31127 16.19359
0.81000 16.51398 16.31812
0.82000 16.71667 16.44166
0.83000 16.91932 16.56421
0.84000 17.12195 16.68576
0.85000 17.32455 16.80632
0.86000 17.52712 16.92590
0.87000 17.72967 17.04448
0.88000 17.93218 17.16207
0.89000 18.13467 17.27867
0.90000 18.33712 17.39428
0.91000 18.53955 17.50890
0.92000 18.74195 17.62253
0.93000 18.94432 17.73517
0.94000 19.14666 17.84682
0.95000 19.34897 17.95748
0.96000 19.55126 18.06715
0.97000 19.75351 18.17583
0.98000 19.95574 18.28352
0.99000 20.15794 18.39022
1.00000 20.36011 18.49594
1.01000 20.56225 18.60066
1.02000 20.76436 18.70440
1.03000 20.96644 18.80715
1.04000 21.16850 18.90891
1.05000 21.37052 19.00968
1.06000 21.57252 19.10946
1.07000 21.77449 19.20826
1.08000 21.97643 19.30606
1.09000 22.17834 19.40288
1.10000 22.38022 19.49872
1.11000 22.58208 19.59356
1.12000 22.78390 19.68742
1.13000 22.98570 19.78029
1.14000 23.18747 19.87217
1.15000 23.38921 19.96307
1.16000 23.59092 20.05298
1.17000 23.79261 20.14191
1.18000 23.99426 20.22984
1.19000 24.19589 20.31679
1.20000 24.39749 20.40276
1.21000 24.59906 20.48774
1.22000 24.80060 20.57173
1.23000 25.00211 20.65474
1.24000 25.20359 20.73676
1.25000 25.40505 20.81779
1.26000 25.60647 20.89784
1.27000 25.80787 20.97691
1.28000 26.00924 21.05498
1.29000 26.21059 21.13208
1.30000 26.41190 21.20819
1.31000 26.61318 21.28331
1.32000 26.81444 21.35745
1.33000 27.01567 21.43060
1.34000 27.21687 21.50277
1.35000 27.41804 21.57396
1.36000 27.61918 21.64416
1.37000 27.82030 21.71337
1.38000 28.02138 21.78160
1.39000 28.22244 21.84885
1.40000 28.42347 21.91511
1.41000 28.62447 21.98039
1.42000 28.82545 22.04469
1.43000 29.02639 22.10800
1.44000 29.22731 22.17032
1.45000 29.42820 22.23167
1.46000 29.62905 22.29203
1.47000 29.82989 22.35140
1.48000 30.03069 22.40980
1.49000 30.23146 22.46721
1.50000 30.43221 22.52363
1.51000 30.63293 22.57908
1.52000 30.83362 22.63354
1.53000 31.03428 22.68701
1.54000 31.23492 22.73951
1.55000 31.43552 22.79102
1.56000 31.63610 22.84155
1.57000 31.83665 22.89109
1.58000 32.03717 22.93966
1.59000 32.23766 22.98724
1.60000 32.43813 23.03384
1.61000 32.63856 23.07945
1.62000 32.83897 23.12408
1.63000 33.03935 23.16773
1.64000 33.23970 23.21040
1.65000 33.44003 23.25209
1.66000 33.64032 23.29279
1.67000 33.84059 23.33251
1.68000 34.04083 23.37125
1.69000 34.24104 23.40901
1.70000 34.44123 23.44579
1.71000 34.64138 23.48158
1.72000 34.84151 23.51639
1.73000 35.04161 23.55022
1.74000 35.24168 23.58307
1.75000 35.44172 23.61494
1.76000 35.64174 23.64582
1.77000 35.84172 23.67573
1.78000 36.04168 23.70465
1.79000 36.24161 23.73259
1.80000 36.44152 23.75955
1.81000 36.64139 23.78552
1.82000 36.84124 23.81052
1.83000 37.04106 23.83453
1.84000 37.24085 23.85756
1.85000 37.44061 23.87962
1.86000 37.64034 23.90069
1.87000 37.84005 23.92077
1.88000 38.03973 23.93988
1.89000 38.23938 23.95801
1.90000 38.43900 23.97515
1.91000 38.63860 23.99132
1.92000 38.83817 24.00650
1.93000 39.03771 24.02070
1.94000 39.23722 24.03392
1.95000 39.43670 24.04616
1.96000 39.63616 24.05742
1.97000 39.83558 24.06770
1.98000 40.03498 24.07699
1.99000 40.23436 24.08531
2.00000 40.43370 24.09264
2.01000 40.63302 24.09899
2.02000 40.83230 24.10436
2.03000 41.03157 24.10876
2.04000 41.23080 24.11217
2.05000 41.43000 24.11459
2.06000 41.62918 24.11604
2.07000 41.82833 24.11651
2.08000 42.02745 24.11599
2.09000 42.22654 24.11450
2.10000 42.42561 24.11202
2.11000 42.62465 24.10857
2.12000 42.82366 24.10413
2.13000 43.02264 24.09871
2.14000 43.22160 24.09231
2.15000 43.42052 24.08493
2.16000 43.61942 24.07656
2.17000 43.81829 24.06722
2.18000 44.01714 24.05690
2.19000 44.21595 24.04559
2.20000 44.41474 24.03331
2.21000 44.61350 24.02004
2.22000 44.81224 24.00579
2.23000 45.01094 23.99056
2.24000 45.20962 23.97436
2.25000 45.40827 23.95716
2.26000 45.60689 23.93899
2.27000 45.80549 23.91984
2.28000 46.00405 23.89971
2.29000 46.20259 23.87860
2.30000 46.40111 23.85650
2.31000 46.59959 23.83343
2.32000 46.79805 23.80937
2.33000 46.99648 23.78434
2.34000 47.19488 23.75832
2.35000 47.39325 23.73133
2.36000 47.59160 23.70335
2.37000 47.78992 23.67439
2.38000 47.98821 23.64445
2.39000 48.18647 23.61354
2.40000 48.38471 23.58164
2.41000 48.58292 23.54876
2.42000 48.78110 23.51490
2.43000 48.97925 23.48006
2.44000 49.17738 23.44424
2.45000 49.37547 23.40744
2.46000 49.57355 23.36966
2.47000 49.77159 23.33090
2.48000 49.96960 23.29116
2.49000 50.16759 23.25044
2.50000 50.36555 23.20875
2.51000 50.56349 23.16607
2.52000 50.76139 23.12241
2.53000 50.95927 23.07777
2.54000 51.15712 23.03215
2.55000 51.35495 22.98556
2.56000 51.55274 22.93798
2.57000 51.75051 22.88942
2.58000 51.94825 22.83989
2.59000 52.14597 22.78937
2.60000 52.34365 22.73788
2.61000 52.54131 22.68541
2.62000 52.73894 22.63196
2.63000 52.93655 22.57752
2.64000 53.13413 22.52211
2.65000 53.33168 22.46573
2.66000 53.52920 22.40836
2.67000 53.72669 22.35001
2.68000 53.92416 22.29069
2.69000 54.12160 22.23039
2.70000 54.31901 22.16910
2.71000 54.51640 22.10684
2.72000 54.71376 22.04361
2.73000 54.91109 21.97939
2.74000 55.10839 21.91420
2.75000 55.30567 21.84802
2.76000 55.50292 21.78087
2.77000 55.70014 21.71275
2.78000 55.89734 21.64364
2.79000 56.09450 21.57356
2.80000 56.29164 21.50250
2.81000 56.48876 21.43046
2.82000 56.68584 21.35744
2.83000 56.88290 21.28345
2.84000 57.07993 21.20848
2.85000 57.27694 21.13254
2.86000 57.47391 21.05561
2.87000 57.67086 20.97771
2.88000 57.86778 20.89883
2.89000 58.06468 20.81898
2.90000 58.26155 20.73815
2.91000 58.45839 20.65634
2.92000 58.65520 20.57356
2.93000 58.85199 20.48980
2.94000 59.04875 20.40507
2.95000 59.24548 20.31936
2.96000 59.44219 20.23267
2.97000 59.63886 20.14501
2.98000 59.83552 20.05637
2.99000 60.03214 19.96676
3.00000 60.22874 19.87617
3.01000 60.42531 19.78461
3.02000 60.62185 19.69207
3.03000 60.81836 19.59855
3.04000 61.01485 19.50406
3.05000 61.21131 19.40860
3.06000 61.40775 19.31216
3.07000 61.60416 19.21475
3.08000 61.80054 19.11636
3.09000 61.99689 19.01700
3.10000 62.19321 18.91667
3.11000 62.38951 18.81536
3.12000 62.58579 18.71308
3.13000 62.78203 18.60982
3.14000 62.97825 18.50559
3.15000 63.17444 18.40039
3.16000 63.37061 18.29422
3.17000 63.56674 18.18707
3.18000 63.76285 18.07894
3.19000 63.95894 17.96985
3.20000 64.15499 17.85978
3.21000 64.35102 17.74874
3.22000 64.54702 17.63673
3.23000 64.74300 17.52375
3.24000 64.93895 17.40979
3.25000 65.13487 17.29487
3.26000 65.33077 17.17897
3.27000 65.52663 17.06210
3.28000 65.72247 16.94425
3.29000 65.91829 16.82544
3.30000 66.11408 16.70566
3.31000 66.30984 16.58490
3.32000 66.50557 16.46317
3.33000 66.70128 16.34048
3.34000 66.89696 16.21681
3.35000 67.09261 16.09217
3.36000 67.28824 15.96657
3.37000 67.48384 15.83999
3.38000 67.67941 15.71244
3.39000 67.87495 15.58393
3.40000 68.07047 15.45444
3.41000 68.26596 15.32399
3.42000 68.46143 15.19256
3.43000 68.65687 15.06017
3.44000 68.85228 14.92681
3.45000 69.04767 14.79248
3.46000 69.24302 14.65718
3.47000 69.43836 14.52092
3.48000 69.63366 14.38369
3.49000 69.82894 14.24548
3.50000 70.02419 14.10631
3.51000 70.21941 13.96618
3.52000 70.41461 13.82508
3.53000 70.60978 13.68301
3.54000 70.80493 13.53997
3.55000 71.00005 13.39596
3.56000 71.19514 13.25099
3.57000 71.39020 13.10506
3.58000 71.58524 12.95816
3.59000 71.78025 12.81029
3.60000 71.97523 12.66146
3.61000 72.17019 12.51166
3.62000 72.36512 12.36089
3.63000 72.56003 12.20916
3.64000 72.75491 12.05647
3.65000 72.94976 11.90281
3.66000 73.14458 11.74819
3.67000 73.33938 11.59260
3.68000 73.53415 11.43605
3.69000 73.72890 11.27854
3.70000 73.92361 11.12006
3.71000 74.11831 10.96062
3.72000 74.31297 10.80021
3.73000 74.50761 10.63885
3.74000 74.70222 10.47652
3.75000 74.89681 10.31323
3.76000 75.09137 10.14897
3.77000 75.28590 9.98376
3.78000 75.48040 9.81758
3.79000 75.67488 9.65044
3.80000 75.86934 9.48234
3.81000 76.06376 9.31327
3.82000 76.25816 9.14325
3.83000 76.45254 8.97227
3.84000 76.64688 8.80032
3.85000 76.84120 8.62742
3.86000 77.03550 8.45356
3.87000 77.22977 8.27873
3.88000 77.42401 8.10295
3.89000 77.61822 7.92621
3.90000 77.81241 7.74851
3.91000 78.00657 7.56985
3.92000 78.20071 7.39023
3.93000 78.39482 7.20965
3.94000 78.58890 7.02812
3.95000 78.78295 6.84562
3.96000 78.97698 6.66217
3.97000 79.17099 6.47777
3.98000 79.36496 6.29240
3.99000 79.55891 6.10608
4.00000 79.75284 5.91880
4.01000 79.94674 5.73057
4.02000 80.14061 5.54138
4.03000 80.33445 5.35123
4.04000 80.52827 5.16013
4.05000 80.72206 4.96808
4.06000 80.91583 4.77506
4.07000 81.10957 4.58110
4.08000 81.30328 4.38618
4.09000 81.49697 4.19030
4.10000 81.69063 3.99347
4.11000 81.88427 3.79569
4.12000 82.07787 3.59695
4.13000 82.27146 3.39726
4.14000 82.46501 3.19662
4.15000 82.65854 2.99503
4.16000 82.85205 2.79248
4.17000 83.04552 2.58898
4.18000 83.23897 2.38453
4.19000 83.43240 2.17913
4.20000 83.62580 1.97277
4.21000 83.81917 1.76547
4.22000 84.01251 1.55721
4.23000 84.20583 1.34800
4.24000 84.39913 1.13785
4.25000 84.59239 0.92674
4.26000 84.78564 0.71469
4.27000 84.97885 0.50168
4.28000 85.17204 0.28773
4.29000 85.36520 0.07282
4.30000 85.55834 -0.14303
