0.00000 0.00000 3.00000
0.01000 0.20506 3.20457
0.02000 0.41012 3.40816
0.03000 0.61518 3.61077
0.04000 0.82024 3.81240
0.05000 1.02530 4.01304
0.06000 1.23037 4.21271
0.07000 1.43543 4.41139
0.08000 1.64049 4.60910
0.09000 1.84555 4.80582
0.10000 2.05061 5.00156
0.11000 2.25567 5.19632
0.12000 2.46073 5.39010
0.13000 2.66579 5.58290
0.14000 2.87085 5.77472
0.15000 3.07591 5.96555
0.16000 3.28098 6.15541
0.17000 3.48604 6.34428
0.18000 3.69110 6.53218
0.19000 3.89616 6.71909
0.20000 4.10122 6.90502
0.21000 4.30628 7.08997
0.22000 4.51134 7.27394
0.23000 4.71640 7.45693
0.24000 4.92146 7.63894
0.25000 5.12652 7.81996
0.26000 5.33159 8.00001
0.27000 5.53665 8.17907
0.28000 5.74171 8.35716
0.29000 5.94677 8.53426
0.30000 6.15183 8.71038
0.31000 6.35689 8.88552
0.32000 6.56195 9.05968
0.33000 6.76701 9.23286
0.34000 6.97207 9.40505
0.35000 7.17713 9.57627
0.36000 7.38219 9.74651
0.37000 7.58726 9.91576
0.38000 7.79232 10.08403
0.39000 7.99738 10.25133
0.40000 8.20244 10.41764
0.41000 8.40750 10.58297
0.42000 8.61256 10.74732
0.43000 8.81762 10.91069
0.44000 9.02268 11.07307
0.45000 9.22774 11.23448
0.46000 9.43280 11.39491
0.47000 9.63787 11.55435
0.48000 9.84293 11.71281
0.49000 10.04799 11.87030
0.50000 10.25305 12.02680
0.51000 10.45811 12.18232
0.52000 10.66317 12.33686
0.53000 10.86823 12.49042
0.54000 11.07329 12.64299
0.55000 11.27835 12.79459
0.56000 11.48341 12.94521
0.57000 11.68848 13.09484
0.58000 11.89354 13.24349
0.59000 12.09860 13.39117
0.60000 12.30366 13.53786
0.61000 12.50872 13.68357
0.62000 12.71378 13.82830
0.63000 12.91884 13.97205
0.64000 13.12390 14.11481
0.65000 13.32896 14.25660
0.66000 13.53402 14.39741
0.67000 13.73908 14.53723
0.68000 13.94415 14.67607
0.69000 14.14921 14.81394
0.70000 14.35427 14.95082
0.71000 14.55933 15.08672
0.72000 14.76439 15.22164
0.73000 14.96945 15.35558
0.74000 15.17451 15.48853
0.75000 15.37957 15.62051
0.76000 15.58463 15.75151
0.77000 15.78969 15.88152
0.78000 15.99476 16.01055
0.79000 16.19982 16.13861
0.80000 16.40488 16.26568
0.81000 16.60994 16.39177
0.82000 16.81500 16.51688
0.83000 17.02006 16.64101
0.84000 17.22512 16.76415
0.85000 17.43018 16.88632
0.86000 17.63524 17.00751
0.87000 17.84030 17.12771
0.88000 18.04537 17.24693
0.89000 18.25043 17.36518
0.90000 18.45549 17.48244
0.91000 18.66055 17.59872
0.92000 18.86561 17.71402
0.93000 19.07067 17.82834
0.94000 19.27573 17.94167
0.95000 19.48079 18.05403
0.96000 19.68585 18.16540
0.97000 19.89091 18.27580
0.98000 20.09597 18.38521
0.99000 20.30104 18.49365
1.00000 20.50610 18.60110
1.01000 20.71116 18.70757
1.02000 20.91622 18.81306
1.03000 21.12128 18.91757
1.04000 21.32634 19.02109
1.05000 21.53140 19.12364
1.06000 21.73646 19.22520
1.07000 21.94152 19.32579
1.08000 22.14658 19.42539
1.09000 22.35165 19.52401
1.10000 22.55671 19.62166
1.11000 22.76177 19.71832
1.12000 22.96683 19.81400
1.13000 23.17189 19.90869
1.14000 23.37695 20.00241
1.15000 23.58201 20.09515
1.16000 23.78707 20.18690
1.17000 23.99213 20.27768
1.18000 24.19719 20.36747
1.19000 24.40226 20.45628
1.20000 24.60732 20.54412
1.21000 24.81238 20.63097
1.22000 25.01744 20.71684
1.23000 25.22250 20.80172
1.24000 25.42756 20.88563
1.25000 25.63262 20.96856
1.26000 25.83768 21.05050
1.27000 26.04274 21.13147
1.28000 26.24780 21.21145
1.29000 26.45286 21.29045
1.30000 26.65793 21.36848
1.31000 26.86299 21.44552
1.32000 27.06805 21.52158
1.33000 27.27311 21.59665
1.34000 27.47817 21.67075
1.35000 27.68323 21.74387
1.36000 27.88829 21.81600
1.37000 28.09335 21.88716
1.38000 28.29841 21.95733
1.39000 28.50347 22.02652
1.40000 28.70854 22.09474
1.41000 28.91360 22.16197
1.42000 29.11866 22.22822
1.43000 29.32372 22.29348
1.44000 29.52878 22.35777
1.45000 29.73384 22.42108
1.46000 29.93890 22.48340
1.47000 30.14396 22.54475
1.48000 30.34902 22.60511
1.49000 30.55408 22.66449
1.50000 30.75914 22.72289
1.51000 30.96421 22.78032
1.52000 31.16927 22.83675
1.53000 31.37433 22.89221
1.54000 31.57939 22.94669
1.55000 31.78445 23.00019
1.56000 31.98951 23.05270
1.57000 32.19457 23.10424
1.58000 32.39963 23.15479
1.59000 32.60469 23.20436
1.60000 32.80975 23.25295
1.61000 33.01482 23.30057
1.62000 33.21988 23.34719
1.63000 33.42494 23.39284
1.64000 33.63000 23.43751
1.65000 33.83506 23.48120
1.66000 34.04012 23.52390
1.67000 34.24518 23.56563
1.68000 34.45024 23.60637
1.69000 34.65530 23.64613
1.70000 34.86036 23.68491
1.71000 35.06543 23.72271
1.72000 35.27049 23.75953
1.73000 35.47555 23.79537
1.74000 35.68061 23.83023
1.75000 35.88567 23.86411
1.76000 36.09073 23.89700
1.77000 36.29579 23.92892
1.78000 36.50085 23.95985
1.79000 36.70591 23.98980
1.80000 36.91097 24.01877
1.81000 37.11603 24.04676
1.82000 37.32110 24.07377
1.83000 37.52616 24.09980
1.84000 37.73122 24.12485
1.85000 37.93628 24.14892
1.86000 38.14134 24.17200
1.87000 38.34640 24.19411
1.88000 38.55146 24.21523
1.89000 38.75652 24.23537
1.90000 38.96158 24.25453
1.91000 39.16664 24.27271
1.92000 39.37171 24.28991
1.93000 39.57677 24.30613
1.94000 39.78183 24.32137
1.95000 39.98689 24.33563
1.96000 40.19195 24.34890
1.97000 40.39701 24.36120
1.98000 40.60207 24.37251
1.99000 40.80713 24.38284
2.00000 41.01219 24.39219
2.01000 41.21725 24.40056
2.02000 41.42232 24.40795
2.03000 41.62738 24.41436
2.04000 41.83244 24.41979
2.05000 42.03750 24.42424
2.06000 42.24256 24.42770
2.07000 42.44762 24.43019
2.08000 42.65268 24.43169
2.09000 42.85774 24.43221
2.10000 43.06280 24.43175
2.11000 43.26786 24.43031
2.12000 43.47292 24.42789
2.13000 43.67799 24.42449
2.14000 43.88305 24.42011
2.15000 44.08811 24.41475
2.16000 44.29317 24.40840
2.17000 44.49823 24.40108
2.18000 44.70329 24.39277
2.19000 44.90835 24.38348
2.20000 45.11341 24.37321
2.21000 45.31847 24.36196
2.22000 45.52353 24.34973
2.23000 45.72860 24.33652
2.24000 45.93366 24.32233
2.25000 46.13872 24.30715
2.26000 46.34378 24.29100
2.27000 46.54884 24.27386
2.28000 46.75390 24.25575
2.29000 46.95896 24.23665
2.30000 47.16402 24.21657
2.31000 47.36908 24.19551
2.32000 47.57414 24.17347
2.33000 47.77921 24.15045
2.34000 47.98427 24.12645
2.35000 48.18933 24.10146
2.36000 48.39439 24.07550
2.37000 48.59945 24.04855
2.38000 48.80451 24.02063
2.39000 49.00957 23.99172
2.40000 49.21463 23.96183
2.41000 49.41969 23.93096
2.42000 49.62475 23.89911
2.43000 49.82981 23.86628
2.44000 50.03488 23.83247
2.45000 50.23994 23.79767
2.46000 50.44500 23.76190
2.47000 50.65006 23.72514
2.48000 50.85512 23.68741
2.49000 51.06018 23.64869
2.50000 51.26524 23.60899
2.51000 51.47030 23.56831
2.52000 51.67536 23.52665
2.53000 51.88042 23.48401
2.54000 52.08549 23.44039
2.55000 52.29055 23.39578
2.56000 52.49561 23.35020
2.57000 52.70067 23.30363
2.58000 52.90573 23.25609
2.59000 53.11079 23.20756
2.60000 53.31585 23.15805
2.61000 53.52091 23.10756
2.62000 53.72597 23.05609
2.63000 53.93103 23.00364
2.64000 54.13610 22.95021
2.65000 54.34116 22.89579
2.66000 54.54622 22.84040
2.67000 54.75128 22.78402
2.68000 54.95634 22.72667
2.69000 55.16140 22.66833
2.70000 55.36646 22.60901
2.71000 55.57152 22.54871
2.72000 55.77658 22.48743
2.73000 55.98164 22.42517
2.74000 56.18670 22.36193
2.75000 56.39177 22.29770
2.76000 56.59683 22.23250
2.77000 56.80189 22.16631
2.78000 57.00695 22.09915
2.79000 57.21201 22.03100
2.80000 57.41707 21.96187
2.81000 57.62213 21.89176
2.82000 57.82719 21.82067
2.83000 58.03225 21.74860
2.84000 58.23731 21.67555
2.85000 58.44238 21.60151
2.86000 58.64744 21.52650
2.87000 58.85250 21.45050
2.88000 59.05756 21.37353
2.89000 59.26262 21.29557
2.90000 59.46768 21.21663
2.91000 59.67274 21.13671
2.92000 59.87780 21.05581
2.93000 60.08286 20.97393
2.94000 60.28792 20.89107
2.95000 60.49299 20.80722
2.96000 60.69805 20.72240
2.97000 60.90311 20.63659
2.98000 61.10817 20.54981
2.99000 61.31323 20.46204
3.00000 61.51829 20.37329
3.01000 61.72335 20.28356
3.02000 61.92841 20.19285
3.03000 62.13347 20.10116
3.04000 62.33853 20.00849
3.05000 62.54359 19.91483
3.06000 62.74866 19.82020
3.07000 62.95372 19.72458
3.08000 63.15878 19.62799
3.09000 63.36384 19.53041
3.10000 63.56890 19.43185
3.11000 63.77396 19.33231
3.12000 63.97902 19.23179
3.13000 64.18408 19.13029
3.14000 64.38914 19.02781
3.15000 64.59420 18.92434
3.16000 64.79927 18.81990
3.17000 65.00433 18.71447
3.18000 65.20939 18.60807
3.19000 65.41445 18.50068
3.20000 65.61951 18.39231
3.21000 65.82457 18.28296
3.22000 66.02963 18.17263
3.23000 66.23469 18.06132
3.24000 66.43975 17.94903
3.25000 66.64481 17.83575
3.26000 66.84988 17.72150
3.27000 67.05494 17.60626
3.28000 67.26000 17.49005
3.29000 67.46506 17.37285
3.30000 67.67012 17.25467
3.31000 67.87518 17.13551
3.32000 68.08024 17.01537
3.33000 68.28530 16.89425
3.34000 68.49036 16.77214
3.35000 68.69542 16.64906
3.36000 68.90048 16.52500
3.37000 69.10555 16.39995
3.38000 69.31061 16.27392
3.39000 69.51567 16.14692
3.40000 69.72073 16.01893
3.41000 69.92579 15.88996
3.42000 70.13085 15.76001
3.43000 70.33591 15.62908
3.44000 70.54097 15.49716
3.45000 70.74603 15.36427
3.46000 70.95109 15.23040
3.47000 71.15616 15.09554
3.48000 71.36122 14.95970
3.49000 71.56628 14.82289
3.50000 71.77134 14.68509
3.51000 71.97640 14.54631
3.52000 72.18146 14.40655
3.53000 72.38652 14.26581
3.54000 72.59158 14.12408
3.55000 72.79664 13.98138
3.56000 73.00170 13.83770
3.57000 73.20677 13.69303
3.58000 73.41183 13.54738
3.59000 73.61689 13.40076
3.60000 73.82195 13.25315
3.61000 74.02701 13.10456
3.62000 74.23207 12.95499
3.63000 74.43713 12.80444
3.64000 74.64219 12.65290
3.65000 74.84725 12.50039
3.66000 75.05231 12.34690
3.67000 75.25737 12.19242
3.68000 75.46244 12.03696
3.69000 75.66750 11.88053
3.70000 75.87256 11.72311
3.71000 76.07762 11.56471
3.72000 76.28268 11.40533
3.73000 76.48774 11.24497
3.74000 76.69280 11.08362
3.75000 76.89786 10.92130
3.76000 77.10292 10.75800
3.77000 77.30798 10.59371
3.78000 77.51305 10.42844
3.79000 77.71811 10.26220
3.80000 77.92317 10.09497
3.81000 78.12823 9.92676
3.82000 78.33329 9.75757
3.83000 78.53835 9.58740
3.84000 78.74341 9.41624
3.85000 78.94847 9.24411
3.86000 79.15353 9.07100
3.87000 79.35859 8.89690
3.88000 79.56366 8.72182
3.89000 79.76872 8.54577
3.90000 79.97378 8.36873
3.91000 80.17884 8.19071
3.92000 80.38390 8.01171
3.93000 80.58896 7.83173
3.94000 80.79402 7.65076
3.95000 80.99908 7.46882
3.96000 81.20414 7.28589
3.97000 81.40920 7.10199
3.98000 81.61426 6.91710
3.99000 81.81933 6.73124
4.00000 82.02439 6.54439
4.01000 82.22945 6.35656
4.02000 82.43451 6.16775
4.03000 82.63957 5.97796
4.04000 82.84463 5.78718
4.05000 83.04969 5.59543
4.06000 83.25475 5.40269
4.07000 83.45981 5.20898
4.08000 83.66487 5.01428
4.09000 83.86994 4.81860
4.10000 84.07500 4.62195
4.11000 84.28006 4.42431
4.12000 84.48512 4.22569
4.13000 84.69018 4.02608
4.14000 84.89524 3.82550
4.15000 85.10030 3.62394
4.16000 85.30536 3.42139
4.17000 85.51042 3.21787
4.18000 85.71548 3.01336
4.19000 85.92054 2.80787
4.20000 86.12561 2.60141
4.21000 86.33067 2.39396
4.22000 86.53573 2.18553
4.23000 86.74079 1.97611
4.24000 86.94585 1.76572
4.25000 87.15091 1.55435
4.26000 87.35597 1.34199
4.27000 87.56103 1.12866
4.28000 87.76609 0.91434
4.29000 87.97115 0.69904
4.30000 88.17622 0.48277
4.31000 88.38128 0.26551
4.32000 88.58634 0.04727
4.33000 88.79140 -0.17196
